204
7 20
22656 63360 95812 90821 17095 84296 71696 27984 37266 79184 32082 21142 70688 40419 37092 47086 87022 50744 37050 12603
19 20
57153 77516 54031 41297 34109 84320 289 2596 33832 10987 84845 59697 50289 53043 31923 45938 15417 62074 53181 82303
24 20
264 1864 79114 46348 44558 68370 46741 88984 47774 51615 480 67938 77741 29104 38835 62132 37301 90615 33209 17724
36 20
99462 26631 35593 59274 77963 38217 99914 19921 46868 25237 89878 63319 73880 78426 95899 26656 30060 18738 2357 43003
55 20
79878 30150 49673 462 13647 30930 95128 26334 88101 54182 86566 34149 52714 44334 2612 68662 37240 88825 12794 2172
67 20
3776 29957 80138 10379 43532 38474 78606 19160 17819 66461 96609 97315 8420 97380 70823 23088 53171 13875 56251 43389
86 20
41539 36423 7112 99786 40976 7957 16121 43935 62817 62883 42084 92133 49254 10795 96175 25588 47605 3767 85049 72443
88 20
16004 9925 64710 95943 87879 16584 96717 30039 42841 71517 92257 15842 13921 83687 26920 28074 8235 2478 83567 85299
89 20
39105 5836 66447 29904 28626 72340 70486 18455 75415 44708 93351 19047 72941 19252 98228 32438 88628 43448 82939 74429
124 20
95809 73992 72008 14797 90452 15639 19998 85089 1761 15396 50535 42217 61355 14060 24621 27245 24050 22781 98554 59965
128 20
91524 3846 5254 70280 64844 80845 75475 23700 61270 24791 12263 39851 76845 52782 97901 37425 65396 1909 59641 25020
136 20
44802 77442 91654 43787 96918 58009 56992 82340 30890 98607 89139 26421 59705 13761 62274 13762 71630 59229 40032 80739
146 20
14602 90250 99600 59664 78738 49939 88980 59044 93095 73002 32433 98354 92092 31293 25537 75714 32080 74324 73303 55777
148 20
54912 74244 1799 87691 80395 27152 58781 48041 78251 73136 20919 95553 31811 36932 19015 29002 39506 24662 62178 38119
158 20
29961 76297 41869 18840 40091 80158 18337 46500 56358 54957 51773 37704 93386 40916 9689 59994 7136 74345 24685 59124
162 20
36736 82818 68616 63503 89108 63258 80156 3232 5420 20399 57419 21451 53455 25561 57452 77681 12791 71675 57980 79103
164 20
45825 57605 2822 2451 50070 72856 55460 53669 72740 78121 34476 26042 42814 705 26313 16202 2908 17900 3057 62079
180 20
53633 56086 97815 57753 3243 87213 84541 35394 98128 54866 72660 65750 71005 75870 862 31588 79716 52970 22770 20863
185 20
59268 18316 22544 25879 1563 68514 23847 31531 92716 34603 42303 23743 66884 8393 23886 54999 8286 51679 20578 1773
189 20
50049 97539 67725 46361 83098 75804 88865 97186 59556 81063 82215 558 19259 66236 71241 19050 86126 93551 25200 35951
208 20
37385 57362 98969 41637 99888 94900 86967 35259 17221 5067 92876 78411 16078 12886 67551 22880 77285 61799 21996 12911
240 20
37891 69382 55689 76683 90766 28567 88217 73126 15674 76863 14528 63303 1622 72409 49892 43496 69742 54767 21367 95355
243 20
81411 19979 25516 43824 4157 85694 33857 22596 28617 66764 90322 3667 48340 34016 8039 67052 40821 27509 91767 14463
251 20
2436 30980 28038 6156 51726 30613 36245 36247 42139 49704 41394 43465 68948 42849 56930 88034 80354 16364 96369 380
253 20
89607 48777 64782 45203 80919 66844 18592 54820 29621 8376 15033 48207 32602 70493 22242 70376 96108 37101 67183 3707
264 20
43906 51971 58244 49927 99607 49444 33829 59053 12083 32309 69178 26064 25941 68055 73181 88161 22244 99300 19188 92154
268 20
59143 55432 78859 71056 50837 26520 83737 79130 40478 67623 437 81467 21054 1221 19026 78162 53077 23276 27501 93039
281 20
39299 43663 22164 81944 77729 48546 43427 89640 36781 20667 47053 59726 13010 10581 77402 1500 71018 55156 70653 90495
288 20
70284 63383 16156 39073 83755 4272 78640 33467 96060 9407 17089 28482 66503 18381 82004 94165 13018 49386 33004 34940
327 20
57218 45571 13955 41349 63500 22030 60703 99234 20913 17458 959 27588 10438 48087 83546 39515 14177 11120 59383 26744
333 20
56452 66077 42018 65703 22979 54340 2253 14167 98009 85210 16094 17375 83552 77281 28898 66274 26728 629 56312 43130
349 20
55168 71808 73350 45706 83215 56492 49971 93253 64201 59352 92378 99807 10212 17897 87536 97265 20469 18167 39545 34171
368 20
35072 18695 36745 76559 81425 94488 36764 85919 96289 12714 38190 98103 75200 71361 46529 49988 58444 93901 37600 57843
369 20
26625 42756 9739 3212 9741 15393 79272 68137 92968 51246 74289 32053 72504 13634 5709 6355 78547 77410 35058 30841
401 20
48257 5896 4749 54414 76566 17057 61483 88244 45239 76985 2236 13769 58449 56920 20960 86633 13170 37875 75380 26745
408 20
2194 69269 34200 31129 16803 62757 68646 47022 65595 95036 54593 79566 69455 25439 79586 13037 42226 94197 70901 45051
413 20
24975 37401 87196 38312 44457 88493 91902 42546 48820 67389 82117 22481 22100 96606 41958 80874 72427 47852 54635 20478
414 20
98692 134 67594 3857 13209 78367 57632 4391 61099 30257 43849 12491 75477 55000 58203 47195 35170 11876 82540 72431
417 20
66048 10368 93582 95889 35858 275 67351 60189 23860 24763 47041 42052 1989 96586 54617 15324 99685 53611 94957 6910
423 20
23185 59156 27413 6554 44966 84903 27431 43177 1064 23481 45754 46397 65885 51168 49507 51427 14955 33519 80117 37374
440 20
96386 22669 72845 14865 64025 22051 17196 65068 29751 51407 88277 81887 98786 75875 22116 97381 92904 52208 90229 52863
470 20
84614 75916 60568 65050 72346 85789 83487 84652 54586 34110 72655 34263 7128 30681 61793 42465 71140 58852 50532 84978
486 20
92546 57487 35600 17824 70433 21153 80033 97830 78122 31791 62384 32434 16438 4790 77753 28477 30785 92872 1886 74082
517 20
74245 41481 81806 46862 4500 21012 3476 73642 54076 49599 74050 47947 60630 79584 30055 54503 45419 90605 57333 89982
518 20
39438 91668 77077 45991 23081 15787 2479 49205 28857 77244 50495 83144 17225 58061 61006 87760 72282 96228 46188 18559
540 20
99841 74630 59799 7834 54939 83494 90665 25001 90421 87992 60217 76095 26688 3932 40799 24931 95207 71148 77422 92661
591 20
2324 1056 63788 13749 93494 20925 56387 4934 36684 17873 24529 53076 81750 97 56038 6503 94574 10485 13947 81663
627 20
6016 47618 17668 39432 41993 38799 75802 60962 20137 18989 61874 60226 52170 92874 74570 76493 49106 13907 94802 46427
628 20
87939 17547 33164 89868 46097 57364 45334 64407 80800 16679 19376 76976 61628 45245 44501 42971 71262 94303 58733 78452
661 20
31489 87312 32402 44823 9112 46618 50977 77606 48941 55860 41272 26557 15297 49350 15973 66405 86001 25973 83190 5110
683 20
79372 2189 13587 154 60442 60715 22835 96692 68152 3386 54715 98625 62794 53838 12114 42069 65377 13929 42734 88048
717 20
19074 88204 58134 49689 29214 63263 49956 7343 33839 84922 30665 40782 10964 71402 32110 52084 32630 33787 10237 23806
729 20
2445 55959 74269 10015 90399 94761 92604 80707 28997 67662 55762 15315 73175 60377 21211 60903 76777 50795 95471 58995
750 20
22160 45847 54682 8859 22942 44190 33695 92071 70699 58691 51654 9158 60875 26957 25166 27988 29780 72284 61805 66429
765 20
75525 55569 88594 38161 55065 75930 94373 11814 98221 88755 14281 3914 77002 61130 5981 56285 32747 9582 43247 60530
768 20
76673 6789 13062 91528 21771 27276 75406 97807 69135 31893 4122 38947 27173 25265 85447 56776 81610 10346 26487 70394
774 20
38024 24331 71319 45591 61211 29855 92333 78384 43315 76467 66742 85695 89023 47312 26450 7378 38624 69604 52718 77177
782 20
6278 65545 60812 58000 73495 63262 97069 53295 62911 71615 70989 83412 52823 19800 40024 74215 98282 79218 83703 47612
788 20
72963 80778 56596 80925 81437 44452 7475 71733 32579 86221 60624 92758 25815 37079 52063 9191 7660 39540 47995 88573
814 20
46466 84488 94732 50581 52641 93737 54707 49076 55991 23036 93376 41032 36942 5977 75362 97902 63855 84848 74620 17022
816 20
86795 796 23846 73512 86837 74550 69173 49210 22721 31867 11853 33229 65508 26342 13160 3183 38896 11888 15732 24315
842 20
95750 64525 74515 24743 15528 2089 75689 17708 85173 20918 55491 58953 86601 33364 23520 84711 27625 52592 885 89466
848 20
28295 96781 76562 4371 88991 26788 66596 681 26029 87597 74184 10699 69839 95698 19413 7640 1508 94950 71790 80884
852 20
85515 33037 92179 16154 7225 51262 7622 99912 22734 78418 50386 32348 611 33765 39399 5739 54763 5871 25458 44029
854 20
59807 22817 78498 95779 46127 59064 5310 24645 92231 68050 40915 99670 20317 41186 41059 30572 38894 70000 59377 81781
857 20
62602 81804 81420 60684 59024 44310 38945 13871 90291 14388 59832 21563 93507 39757 80225 25445 96102 2797 2681 38267
859 20
11267 11780 17798 74636 11917 68238 73627 38193 64437 16569 76621 29902 95954 35412 97495 43225 2164 65525 36982 68733
873 20
40448 70023 99080 58891 74897 69268 35992 55579 72629 79035 20673 75970 82000 92375 74841 18274 51555 52468 7037 26751
909 20
87173 65927 3975 27663 33171 24854 1692 89774 23621 53707 51278 94417 92502 17502 87262 68062 8163 75877 31093 42366
921 20
87424 99329 36741 41611 42771 98966 98339 47782 97067 30388 75446 51518 80451 55248 50002 32083 73568 34669 13167 95477
930 20
24066 69252 77709 15374 64149 8878 55988 31670 68671 50122 98123 32075 64593 24536 30940 69882 62830 68975 76659 60154
949 20
44036 86022 51721 99103 29480 16433 22710 75318 70208 81237 66774 46937 85340 96095 34020 35429 27370 83829 85625 8189
967 20
84364 2449 3996 95264 5029 49327 68912 93616 1090 63556 29897 16331 59856 70236 99173 5350 10985 18287 8565 21624
974 20
52876 5647 34577 59541 50584 50200 81697 75170 18860 8501 90806 59834 2107 29246 44538 18023 36841 52218 81788 95871
976 20
2565 27399 61575 96395 40726 3485 70061 1581 89648 84913 3121 20915 78129 84408 61758 7768 79713 92649 25452 69105
1045 20
63622 54028 41485 49560 77344 29992 38313 91949 43439 90560 87873 17105 44114 39892 20566 95978 20595 56316 21886 25087
1056 20
55429 20999 99085 67857 70034 28179 20115 71189 9881 13339 35491 8504 27322 3261 19658 27853 36826 25181 27255 72060
1071 20
24067 18563 58381 40591 63642 95131 69803 72878 37300 51129 16958 6476 93264 95444 54740 71649 95206 6887 15724 32627
1090 20
57216 23170 87301 49034 64013 30112 690 87357 46403 11204 46275 4420 54217 68940 96998 97896 78061 6770 54260 9209
1099 20
36492 9996 87950 36238 85532 81056 36520 429 1075 68919 46920 67660 45774 3027 31062 9047 74838 4067 74087 89199
1105 20
22025 89740 45712 81432 47258 82336 45742 58548 75455 2883 24010 35276 22222 94034 90457 63454 10472 46187 78451 97524
1129 20
90120 99732 49311 42788 92967 6439 48935 1840 97345 85699 72190 33866 52060 99305 51561 30442 43757 33649 80633 41598
1133 20
23940 89093 23045 6023 35861 84375 41625 4635 48670 80544 67618 20269 28103 50898 22869 20708 41188 87020 21741 24559
1134 20
56195 98053 20869 98064 73491 75431 92712 99114 97847 54712 58042 23881 30164 86112 74091 23150 4977 56435 64372 25465
1135 20
33281 72578 53763 31496 96271 63763 57494 53150 3110 49456 10806 64318 331 3538 80987 76388 11249 82425 78842 4990
1154 20
82830 28816 87964 13341 4517 68390 93107 44725 10939 78403 89411 94666 36558 21593 33886 45281 33249 38244 76263 22384
1155 20
23425 99590 95111 27169 81703 9001 33453 65851 85574 84432 25553 23384 81625 64607 95713 55144 43248 10736 11764 96634
1201 20
99331 28933 26759 8585 8851 66837 34078 84256 33588 58677 93111 99899 16196 6471 33482 48464 63192 91106 78818 4850
1202 20
6404 26898 26773 37273 85791 7203 1706 86059 10544 41014 65975 39351 22968 66617 76220 19774 14277 39750 61783 11899
1203 20
4995 99858 23833 64922 18330 39203 70436 6960 96313 43067 82886 89545 99530 20943 81118 82655 92275 81526 51705 16762
1204 20
11271 64777 12557 85773 78355 27545 11677 58673 691 6582 86720 54349 62670 79823 88684 97140 50420 29562 91388 31487
1209 20
67727 42770 57637 86065 90164 38583 15166 67779 2502 91337 46156 13140 74452 82260 28900 80743 58099 26356 46711 38776
1217 20
69122 52743 1165 89107 80799 53798 88232 47018 89138 10684 58173 49344 34884 17990 33223 12621 33646 54511 14067 73460
1267 20
66432 40834 2829 62486 90776 30878 17825 9506 34469 18473 13994 5885 67886 53688 592 96082 91226 39525 9453 82685
1274 20
78981 7690 41491 60824 82843 71581 76576 673 27435 4021 83511 54462 23872 43074 40020 48214 65240 93789 66288 61181
1277 20
81536 16516 72965 98824 29453 93338 19098 39330 30115 95266 1065 78639 41267 22583 98883 58435 81868 91599 81746 97115
1305 20
82176 1409 2 771 53253 64397 85390 86033 24 16546 63400 80068 75980 463 66909 16862 67935 19682 19686 32496
1318 20
49411 57100 14868 95654 29097 53550 55870 82763 44748 61901 15196 10334 81761 31460 80494 33648 97398 98679 99962 30334
1334 20
55424 69265 83091 8339 45848 63640 90521 18461 27934 61348 22186 6596 95044 40785 56533 41435 15579 26470 5880 90367
1356 20
56979 13975 98328 66975 74656 7850 49706 15920 1718 57786 40507 89796 83283 74453 77787 52190 73445 61543 63860 70779
1364 20
95115 67215 50191 31631 7442 18075 61473 83629 46785 35016 43337 36175 53457 16602 13278 78179 22118 9703 5480 6637
1393 20
22411 87443 926 38952 75195 38207 61249 30660 13523 91475 61145 25053 47070 59488 11625 86635 91630 37879 10233 98298
1404 20
17537 48652 51860 14495 22565 13095 73773 16943 52913 89394 89789 54341 58697 34380 34901 52701 19170 42863 19702 71159
1411 20
18177 20610 73094 28297 89996 7445 76697 23714 83239 32175 50491 55615 44615 76499 19174 58473 20333 93170 50934 47228
1418 20
56066 20226 48647 76551 84881 45974 16675 76713 37168 56241 36158 49730 55364 5959 80455 41546 70987 26719 40677 90864
1438 20
1026 4492 65681 12833 8610 71586 93989 81831 57769 78128 32566 68407 2235 10044 70205 42181 28131 2534 97390 23290
1453 20
68226 74243 15385 38811 25123 39332 66733 22832 28208 17714 1339 54983 61255 24651 59341 51412 49749 70749 12015 56190
1461 20
34435 9608 48803 65716 34357 21944 1468 13637 79817 1361 3923 43987 36474 7516 29537 85090 70627 88679 99307 52474
1465 20
30721 33539 6159 90912 44199 81711 29361 82355 74811 52286 18009 19036 45149 96 38758 50666 71796 10613 7543 78843
1467 20
87808 57733 58250 18448 14235 76964 21414 95398 49195 97590 27577 37446 13654 36960 57443 79717 19561 68974 77946 48893
1485 20
91393 56084 74662 22952 68523 87854 47028 18868 55995 20796 9283 4679 63188 68201 45290 33775 50290 1268 76026 17274
1492 20
92549 89478 52358 30988 85652 75541 70166 71838 43939 56758 19638 84349 65481 38993 79703 65626 77029 13563 42748 32637
1516 20
28928 25096 6026 65931 99725 7187 74133 75545 88346 26779 25771 96431 35392 68551 86602 21851 89052 54631 38377 93938
1525 20
60421 9352 84745 22667 59789 16791 94367 93090 88997 27961 95293 42323 73558 9687 68314 56296 91112 53366 62072 24060
1537 20
91907 97801 86409 87307 74527 2729 12074 6451 48693 10681 61374 37321 17099 72268 42729 54007 69114 33275 83836 77438
1553 20
96651 69645 40468 30234 19105 422 2859 60459 54830 93628 68934 1360 342 69349 14183 30699 34675 50422 21370 66173
1558 20
15364 67847 26260 25111 44187 17591 69691 7743 33220 89419 97366 20831 93152 18658 68838 24684 60398 69617 36979 11515
1564 20
14084 17678 4629 32537 70173 72867 26533 2726 689 91579 81853 75205 41926 95567 35287 19947 47212 23275 57713 14838
1574 20
23175 79634 95635 82845 48937 27191 69816 44988 64072 18382 83151 95189 27993 60513 13165 38637 36976 51446 60025 12155
1614 20
71700 11032 6043 88481 90021 18855 18496 88772 6088 72521 48713 37845 865 14054 74347 83183 56689 15602 63606 14970
1618 20
87687 19733 52505 37148 89628 59552 36 30245 2216 30016 27330 43601 16210 97250 41190 39408 98289 81907 34808 59773
1627 20
5248 7555 25732 28557 32659 54552 2852 50094 13616 92230 49224 93772 19660 32468 14684 2782 55647 10080 56680 3957
1661 20
41620 148 38934 52131 11558 85544 54200 75322 61243 24511 39745 78657 88907 35534 86486 24792 31834 63329 51298 99581
1663 20
89871 21139 52248 95263 5536 84923 6592 25155 90692 40011 60493 74074 38622 22111 22624 64107 42476 92401 19574 69375
1674 20
69888 59155 79131 3229 45603 81845 87865 35132 37825 79945 20686 44751 40543 90720 34528 52323 3818 53870 90096 28027
1690 20
48518 56080 22036 53919 44080 85301 33213 47934 21823 74950 74698 99536 32861 32610 74480 93681 22256 91761 81012 55029
1709 20
67208 64139 25228 53019 12827 8352 49583 64560 20277 3126 19125 49595 62914 68679 95563 81752 19046 72682 1772 45950
1710 20
18689 70407 23575 12570 81702 69544 54573 28593 79794 87730 97475 82128 88922 87138 24420 72811 40172 49003 16624 8315
1730 20
2446 3985 31005 14125 24367 42927 62644 72761 14141 68670 96830 61511 29521 23635 83809 39910 33137 92916 60663 19580
1750 20
84480 64392 11023 41618 44587 68908 62902 70715 28733 10305 91723 80077 74833 3419 54370 91749 7149 97517 68603 18814
1751 20
5504 51072 530 3221 77078 82455 45212 18610 76085 23485 10173 13126 1225 38477 85976 25177 75106 59370 98930 54011
1752 20
3970 78980 14089 6294 56345 32922 34219 14251 83265 40002 3907 63175 70743 226 67044 88425 50923 66285 97137 30714
1784 20
67458 29068 54932 35483 35 99239 55986 43960 75969 42947 44760 2140 65629 989 61161 1774 98034 92530 20343 48121
1788 20
64524 97808 71187 40213 69912 33945 3752 31018 13868 98365 74816 23488 23627 80717 76629 35161 62435 26980 98672 52092
1803 20
4746 55820 90642 29714 49557 39287 60834 65450 6187 4666 15430 66257 40407 11354 30171 99296 88812 74092 99959 20220
1807 20
55560 97929 77216 88738 93474 48294 7847 88360 63275 94259 49334 60598 74681 8010 89163 92886 90073 86753 99187 39933
1812 20
40192 89741 52496 86931 97811 52135 78892 90159 65584 26813 87752 53322 66766 54479 89310 38890 78702 81393 85113 87679
1845 20
32656 78228 3355 65950 20129 81059 3882 36266 32815 41147 68031 71105 94274 94414 18127 11601 71896 46178 74723 42100
1851 20
8076 2958 19732 18328 42784 24372 85434 71754 90832 70104 79332 98532 93418 70893 62449 26999 47864 29689 94077 75646
1862 20
87810 55557 16910 87836 59677 84894 79774 23202 64931 21546 91053 95796 30658 79943 94411 8407 82779 28128 96620 63853
1867 20
50692 67210 14997 39063 45859 20149 87484 81855 6598 29385 83663 62671 88528 19289 33625 27367 52202 90226 28659 27386
1872 20
62337 45957 49544 55179 94228 70689 93092 60464 57652 64956 80328 33490 98775 57820 37214 74465 13028 86373 10611 35451
1897 20
32001 79361 57867 67223 23838 82089 60073 47795 92617 51019 86609 98006 79704 76005 78574 67570 1907 4982 51065 52350
1902 20
7683 97668 95366 64518 18058 39691 52110 56597 22299 50076 27420 69917 36766 6062 89141 98620 54337 4802 3674 25333
1911 20
67841 78979 48403 51734 31259 43423 31521 3875 78756 56231 13741 86319 24368 37169 44359 31051 49484 61157 53101 32764
1959 20
15504 30360 65440 79779 40740 33065 92586 66986 78377 26926 37814 22070 30904 80465 37462 6488 26841 58849 8816 2558
1963 20
77314 85379 41602 95370 22925 61203 41118 36653 53039 27447 47421 33341 6107 21730 65636 41579 70641 41207 60410 36219
1965 20
8328 9483 84494 59542 68900 66213 42917 68267 35886 53425 98994 84680 12248 5083 80861 77409 82661 41962 16874 12158
1969 20
69385 37785 68251 36256 37280 88099 84262 51253 29883 16318 36425 36173 11470 62422 14936 46941 69470 22896 77812 92789
2023 20
96004 65288 25754 65821 89505 68773 14117 44072 16809 10811 68558 71120 32472 17888 4709 64230 19183 80121 29948 3966
2036 20
45700 81429 92696 94494 93088 13604 16038 84093 98617 27844 63312 34011 81755 83164 40670 21988 4076 24556 83062 51581
2044 20
39554 92294 29958 79761 34336 64546 59429 69029 71861 27066 7230 90947 2766 69976 25945 73699 63723 89068 63471 84863
2065 20
56967 97799 96522 75920 81298 97684 82327 72615 93607 86063 32432 57532 80974 75472 68313 43614 20447 27879 91884 55547
2100 20
76171 79502 71192 1945 46250 83379 35894 54967 81719 97726 30916 94917 61905 54872 23256 35427 5865 8045 53743 59515
2102 20
73994 58764 34956 30351 55439 59676 75694 74421 952 94018 77765 74193 3797 31450 93534 30302 6881 75745 51580 88831
2115 20
99970 40196 54155 44940 52372 99988 56731 50089 70698 57393 62652 72783 67550 56546 3811 36470 631 30329 82299 28285
2120 20
20872 8330 14858 81680 39190 55334 32807 87999 39744 66499 87368 18121 97022 62799 27749 45676 91636 89467 71420 55294
2135 20
97421 48659 2196 33438 81055 99367 99884 6578 1079 64953 2752 30412 91218 57299 88797 5085 36323 81126 82026 78839
2219 20
79506 54038 55321 22834 80060 55360 81731 6981 30534 16839 21066 56654 47192 53090 18150 94060 56046 45423 64114 32374
2223 20
86021 16653 60685 43538 62354 13851 69148 21156 89384 76979 12215 53435 84414 33606 88019 69846 58984 24687 9075 4340
2242 20
80896 35339 24333 41753 79009 80945 64309 88508 10049 95947 45132 71634 14546 62680 49897 83819 65393 92532 8317 96895
2253 20
15113 15369 97419 47500 25107 92577 16297 40755 43078 55119 37203 77523 96855 89178 41436 16480 71521 225 73192 89202
2272 20
16773 35079 3080 96791 22940 43677 42152 9912 10556 37437 52030 38857 37839 5206 22491 67806 88934 95462 68847 9206
2287 20
43938 28578 76323 14370 67123 79671 76604 19265 43334 37959 53458 20311 11353 35555 61029 29041 25463 19960 9081 28412
2300 20
99589 50950 60184 51352 24864 49703 67247 9268 37685 42939 51646 95166 14144 59458 21445 63564 81770 86128 10995 77945
2305 20
8465 89882 97576 41775 71856 75577 51651 15683 42829 68432 29008 13779 34646 67030 68312 75993 29152 38883 65640 74346
2325 20
99729 78626 164 62375 77998 62261 9016 72250 35649 88131 67783 7115 84942 29651 96724 28641 356 89195 99825 51699
2373 20
2562 29834 42763 5275 60194 56102 81065 90410 60599 80700 12505 91996 92511 79075 33766 90475 99184 95985 80114 57460
2383 20
63233 28930 41218 26122 91546 63388 32182 59468 56401 10962 38361 26969 80222 31334 49004 56433 71921 4339 9842 66935
2454 20
76163 55180 82706 16166 99759 54708 27956 33461 5707 64341 7775 22755 69991 5994 73068 62572 65010 55412 61688 91258
2462 20
3605 18966 82594 40482 43688 67505 28724 18998 56248 81724 99909 57420 90192 46928 89684 25560 36828 7134 33256 64127
2488 20
11151 57234 99091 34329 49318 43431 86957 39217 10424 11578 98685 83667 58967 10970 21214 90606 79222 67063 91644 34557
2493 20
95617 58246 43399 76814 33551 57871 83473 74389 33432 40108 48818 8519 63953 15829 79579 35806 32355 42085 39918 4729
2494 20
60429 27023 25365 79527 81348 23495 35272 47821 68176 83281 56915 9685 28125 27872 48097 90979 30695 34295 43388 27902
2495 20
65423 75157 66336 22049 65060 36009 45994 98988 14896 92082 48434 1722 47549 76494 86359 4707 26985 68844 86643 27764
2500 20
32664 47259 71462 32810 68268 92588 27948 26159 99758 16562 94258 18741 49462 61247 52801 86088 91470 22864 90613 84731
2521 20
90634 6544 37777 66475 81839 89790 26432 19524 31557 15432 21974 83158 75488 93413 31335 45424 63474 9716 67445 68093
2524 20
64775 11 38801 15506 4246 87577 70940 84253 4644 42163 57799 72656 88784 82134 35547 53354 63605 85366 2294 41726
2579 20
49291 15886 22543 75169 26662 28838 14247 43055 83124 37188 89542 88527 66772 53978 77539 40429 89453 58480 30325 761
2610 20
74761 7820 66708 89240 39325 30494 48043 11071 65479 71113 52297 4174 49113 10458 25060 1382 77032 48745 53356 61304
2631 20
91910 30747 95646 53154 46628 92325 98470 72613 28844 63405 49839 65968 27196 86463 11334 48846 41551 39248 72913 51443
2638 20
8329 21132 97298 51741 15391 33312 48802 36645 30897 75463 85709 23758 70351 93777 86363 98907 51943 85097 32490 72950
2643 20
48641 46099 38170 72861 70175 60965 88998 19499 60587 47531 16944 92984 571 31813 72542 47714 92516 27112 55530 14964
2655 20
68865 5767 16138 80016 55319 79903 33581 20397 83632 90550 84924 64957 69053 81355 78284 29910 46808 57456 18033 89725
2659 20
47745 28294 5766 76957 29085 298 80049 69811 87495 2764 59093 17881 66139 42331 37601 44006 30567 84074 64490 21616
2662 20
1411 45575 32010 74261 9764 47660 52404 53561 14649 8780 87757 63189 40153 31580 37215 33380 85479 17141 57077 93311
2761 20
23168 47506 76196 27433 13609 51499 66730 24111 99504 51639 94016 87746 35400 17870 75348 63322 43486 41063 32886 53753
2794 20
58503 2440 64015 75795 38423 11033 65572 74284 14968 69167 65850 32186 62538 36696 93 37603 23396 22372 48868 79736
2853 20
96652 1682 4114 42131 41368 48153 93986 19491 96935 27829 92469 22333 15865 63311 43484 48997 63080 16240 67572 41081
2872 20
10387 93211 5149 46245 37800 83886 79408 9651 15290 44347 25658 5565 21967 3029 39893 77664 50922 53109 71926 76796
2922 20
75524 16526 87058 76311 88220 40862 53663 42405 32682 33208 26814 19408 51794 45653 9446 62828 72305 33656 30076 72829
2943 20
56722 14627 34734 11954 4916 10040 61497 42824 56395 48077 68429 19155 38998 35038 90985 44522 89074 8051 36728 68857
2957 20
86534 23816 92555 61837 32919 92453 47661 30778 9027 7117 53080 54493 14432 98914 54888 85993 58996 65272 55932 47103
2991 20
16259 85266 11800 60312 69656 35481 18985 44075 37044 80187 38343 37961 465 36568 3424 5604 90602 11897 71546 82300
3015 20
18432 60802 61320 84758 44696 57506 10788 45093 45619 34244 55366 59103 32227 4840 12014 50932 94206 34807 62459 56574
3018 20
83338 20885 48801 97192 65065 69163 95023 96944 41392 77621 52662 57657 35915 3919 25042 48743 42088 66797 40816 80889
3074 20
82820 40967 45069 37009 26264 63173 32454 61127 15175 88267 81360 92498 88537 75486 28384 21746 1016 61306 24574 72959
3103 20
33283 26361 85661 24362 34091 42284 66861 2609 55734 15670 13378 84817 61016 29529 52451 84707 87541 58485 62969 19581
3111 20
84242 35484 98980 56622 50867 81332 68153 59836 42439 17227 76251 11102 71263 90209 12005 31337 96751 82039 95224 91260
3131 20
21640 10637 33174 82593 15789 86452 950 52663 55098 25916 79677 14673 44377 75232 98020 13032 12018 81657 3452 21631
3135 20
29980 91685 40743 25132 6834 11580 31679 20169 47306 69457 90071 46807 17376 25826 32099 85225 88937 61172 35450 50172
3147 20
19203 86918 16008 95372 2318 68113 58389 53785 13856 95666 33718 44216 14779 86080 65986 99293 49251 66151 10737 38394
3163 20
41984 44178 18068 96248 26781 60958 20642 37797 62759 24492 61612 39621 9937 71380 41173 2141 38375 94062 8824 85243
3165 20
75008 97667 39688 64523 8716 7821 35346 71062 58390 66331 67357 50084 22320 73267 58941 80585 57440 81007 21748 64120